   0.0000000e+00   0.0000000e+00   1.0000000e+00
   0.0000000e+00   0.0000000e+00   9.7959184e-01
   0.0000000e+00   0.0000000e+00   9.5918367e-01
   0.0000000e+00   0.0000000e+00   9.3877551e-01
   0.0000000e+00   0.0000000e+00   9.1836735e-01
   0.0000000e+00   0.0000000e+00   8.9795918e-01
   0.0000000e+00   0.0000000e+00   8.7755102e-01
   0.0000000e+00   0.0000000e+00   8.5714286e-01
   0.0000000e+00   0.0000000e+00   8.3673469e-01
   0.0000000e+00   0.0000000e+00   8.1632653e-01
   0.0000000e+00   0.0000000e+00   7.9591837e-01
   0.0000000e+00   0.0000000e+00   7.7551020e-01
   0.0000000e+00   0.0000000e+00   7.5510204e-01
   0.0000000e+00   0.0000000e+00   7.3469388e-01
   0.0000000e+00   0.0000000e+00   7.1428571e-01
   0.0000000e+00   0.0000000e+00   6.9387755e-01
   0.0000000e+00   0.0000000e+00   6.7346939e-01
   0.0000000e+00   0.0000000e+00   6.5306122e-01
   0.0000000e+00   0.0000000e+00   6.3265306e-01
   0.0000000e+00   0.0000000e+00   6.1224490e-01
   0.0000000e+00   0.0000000e+00   5.9183673e-01
   0.0000000e+00   0.0000000e+00   5.7142857e-01
   0.0000000e+00   0.0000000e+00   5.5102041e-01
   0.0000000e+00   0.0000000e+00   5.3061224e-01
   0.0000000e+00   0.0000000e+00   5.1020408e-01
   0.0000000e+00   0.0000000e+00   4.8979592e-01
   0.0000000e+00   0.0000000e+00   4.6938776e-01
   0.0000000e+00   0.0000000e+00   4.4897959e-01
   0.0000000e+00   0.0000000e+00   4.2857143e-01
   0.0000000e+00   0.0000000e+00   4.0816327e-01
   0.0000000e+00   0.0000000e+00   3.8775510e-01
   0.0000000e+00   0.0000000e+00   3.6734694e-01
   0.0000000e+00   0.0000000e+00   3.4693878e-01
   0.0000000e+00   0.0000000e+00   3.2653061e-01
   0.0000000e+00   0.0000000e+00   3.0612245e-01
   0.0000000e+00   0.0000000e+00   2.8571429e-01
   0.0000000e+00   0.0000000e+00   2.6530612e-01
   0.0000000e+00   0.0000000e+00   2.4489796e-01
   0.0000000e+00   0.0000000e+00   2.2448980e-01
   0.0000000e+00   0.0000000e+00   2.0408163e-01
   0.0000000e+00   0.0000000e+00   1.8367347e-01
   0.0000000e+00   0.0000000e+00   1.6326531e-01
   0.0000000e+00   0.0000000e+00   1.4285714e-01
   0.0000000e+00   0.0000000e+00   1.2244898e-01
   0.0000000e+00   0.0000000e+00   1.0204082e-01
   0.0000000e+00   0.0000000e+00   8.1632653e-02
   0.0000000e+00   0.0000000e+00   6.1224490e-02
   0.0000000e+00   0.0000000e+00   4.0816327e-02
   0.0000000e+00   0.0000000e+00   2.0408163e-02
   0.0000000e+00   0.0000000e+00   0.0000000e+00
   0.0000000e+00   0.0000000e+00   0.0000000e+00
   2.0408163e-02   0.0000000e+00   0.0000000e+00
   4.0816327e-02   0.0000000e+00   0.0000000e+00
   6.1224490e-02   0.0000000e+00   0.0000000e+00
   8.1632653e-02   0.0000000e+00   0.0000000e+00
   1.0204082e-01   0.0000000e+00   0.0000000e+00
   1.2244898e-01   0.0000000e+00   0.0000000e+00
   1.4285714e-01   0.0000000e+00   0.0000000e+00
   1.6326531e-01   0.0000000e+00   0.0000000e+00
   1.8367347e-01   0.0000000e+00   0.0000000e+00
   2.0408163e-01   0.0000000e+00   0.0000000e+00
   2.2448980e-01   0.0000000e+00   0.0000000e+00
   2.4489796e-01   0.0000000e+00   0.0000000e+00
   2.6530612e-01   0.0000000e+00   0.0000000e+00
   2.8571429e-01   0.0000000e+00   0.0000000e+00
   3.0612245e-01   0.0000000e+00   0.0000000e+00
   3.2653061e-01   0.0000000e+00   0.0000000e+00
   3.4693878e-01   0.0000000e+00   0.0000000e+00
   3.6734694e-01   0.0000000e+00   0.0000000e+00
   3.8775510e-01   0.0000000e+00   0.0000000e+00
   4.0816327e-01   0.0000000e+00   0.0000000e+00
   4.2857143e-01   0.0000000e+00   0.0000000e+00
   4.4897959e-01   0.0000000e+00   0.0000000e+00
   4.6938776e-01   0.0000000e+00   0.0000000e+00
   4.8979592e-01   0.0000000e+00   0.0000000e+00
   5.1020408e-01   0.0000000e+00   0.0000000e+00
   5.3061224e-01   0.0000000e+00   0.0000000e+00
   5.5102041e-01   0.0000000e+00   0.0000000e+00
   5.7142857e-01   0.0000000e+00   0.0000000e+00
   5.9183673e-01   0.0000000e+00   0.0000000e+00
   6.1224490e-01   0.0000000e+00   0.0000000e+00
   6.3265306e-01   0.0000000e+00   0.0000000e+00
   6.5306122e-01   0.0000000e+00   0.0000000e+00
   6.7346939e-01   0.0000000e+00   0.0000000e+00
   6.9387755e-01   0.0000000e+00   0.0000000e+00
   7.1428571e-01   0.0000000e+00   0.0000000e+00
   7.3469388e-01   0.0000000e+00   0.0000000e+00
   7.5510204e-01   0.0000000e+00   0.0000000e+00
   7.7551020e-01   0.0000000e+00   0.0000000e+00
   7.9591837e-01   0.0000000e+00   0.0000000e+00
   8.1632653e-01   0.0000000e+00   0.0000000e+00
   8.3673469e-01   0.0000000e+00   0.0000000e+00
   8.5714286e-01   0.0000000e+00   0.0000000e+00
   8.7755102e-01   0.0000000e+00   0.0000000e+00
   8.9795918e-01   0.0000000e+00   0.0000000e+00
   9.1836735e-01   0.0000000e+00   0.0000000e+00
   9.3877551e-01   0.0000000e+00   0.0000000e+00
   9.5918367e-01   0.0000000e+00   0.0000000e+00
   9.7959184e-01   0.0000000e+00   0.0000000e+00
   1.0000000e+00   0.0000000e+00   0.0000000e+00
