   0.0000000e+00   0.0000000e+00   0.0000000e+00
   4.9945273e-03   4.4653166e-05   0.0000000e+00
   9.9656641e-03   1.1535330e-04   0.0000000e+00
   1.4913515e-02   2.1183125e-04   0.0000000e+00
   1.9838186e-02   3.3381998e-04   0.0000000e+00
   2.4739780e-02   4.8105456e-04   0.0000000e+00
   2.9618402e-02   6.5327216e-04   0.0000000e+00
   3.4474154e-02   8.5021206e-04   0.0000000e+00
   3.9307139e-02   1.0716156e-03   0.0000000e+00
   4.4117461e-02   1.3172261e-03   0.0000000e+00
   4.8905221e-02   1.5867890e-03   0.0000000e+00
   5.3670520e-02   1.8800517e-03   0.0000000e+00
   5.8413460e-02   2.1967638e-03   0.0000000e+00
   6.3134141e-02   2.5366766e-03   0.0000000e+00
   6.7832664e-02   2.8995436e-03   0.0000000e+00
   7.2509128e-02   3.2851201e-03   0.0000000e+00
   7.7163633e-02   3.6931635e-03   0.0000000e+00
   8.1796277e-02   4.1234332e-03   0.0000000e+00
   8.6407159e-02   4.5756902e-03   0.0000000e+00
   9.0996378e-02   5.0496977e-03   0.0000000e+00
   9.5564030e-02   5.5452208e-03   0.0000000e+00
   1.0011021e-01   6.0620262e-03   0.0000000e+00
   1.0463502e-01   6.5998829e-03   0.0000000e+00
   1.0913856e-01   7.1585614e-03   0.0000000e+00
   1.1362091e-01   7.7378341e-03   0.0000000e+00
   1.1808218e-01   8.3374755e-03   0.0000000e+00
   1.2252246e-01   8.9572615e-03   0.0000000e+00
   1.2694185e-01   9.5969701e-03   0.0000000e+00
   1.3134044e-01   1.0256381e-02   0.0000000e+00
   1.3571831e-01   1.0935276e-02   0.0000000e+00
   1.4007558e-01   1.1633438e-02   0.0000000e+00
   1.4441233e-01   1.2350651e-02   0.0000000e+00
   1.4872864e-01   1.3086704e-02   0.0000000e+00
   1.5302462e-01   1.3841384e-02   0.0000000e+00
   1.5730036e-01   1.4614481e-02   0.0000000e+00
   1.6155595e-01   1.5405788e-02   0.0000000e+00
   1.6579147e-01   1.6215097e-02   0.0000000e+00
   1.7000703e-01   1.7042205e-02   0.0000000e+00
   1.7420270e-01   1.7886908e-02   0.0000000e+00
   1.7837858e-01   1.8749004e-02   0.0000000e+00
   1.8253476e-01   1.9628294e-02   0.0000000e+00
   1.8667133e-01   2.0524580e-02   0.0000000e+00
   1.9078838e-01   2.1437665e-02   0.0000000e+00
   1.9488599e-01   2.2367354e-02   0.0000000e+00
   1.9896425e-01   2.3313454e-02   0.0000000e+00
   2.0302326e-01   2.4275774e-02   0.0000000e+00
   2.0706308e-01   2.5254122e-02   0.0000000e+00
   2.1108383e-01   2.6248310e-02   0.0000000e+00
   2.1508557e-01   2.7258152e-02   0.0000000e+00
   2.1906840e-01   2.8283461e-02   0.0000000e+00
   2.2303240e-01   2.9324054e-02   0.0000000e+00
   2.2697766e-01   3.0379748e-02   0.0000000e+00
   2.3090426e-01   3.1450362e-02   0.0000000e+00
   2.3481228e-01   3.2535717e-02   0.0000000e+00
   2.3870182e-01   3.3635635e-02   0.0000000e+00
   2.4257295e-01   3.4749939e-02   0.0000000e+00
   2.4642575e-01   3.5878454e-02   0.0000000e+00
   2.5026032e-01   3.7021006e-02   0.0000000e+00
   2.5407673e-01   3.8177423e-02   0.0000000e+00
   2.5787506e-01   3.9347535e-02   0.0000000e+00
   2.6165540e-01   4.0531171e-02   0.0000000e+00
   2.6541783e-01   4.1728165e-02   0.0000000e+00
   2.6916243e-01   4.2938350e-02   0.0000000e+00
   2.7288928e-01   4.4161560e-02   0.0000000e+00
   2.7659845e-01   4.5397631e-02   0.0000000e+00
   2.8029004e-01   4.6646402e-02   0.0000000e+00
   2.8396412e-01   4.7907711e-02   0.0000000e+00
   2.8762077e-01   4.9181398e-02   0.0000000e+00
   2.9126007e-01   5.0467306e-02   0.0000000e+00
   2.9488210e-01   5.1765276e-02   0.0000000e+00
   2.9848693e-01   5.3075154e-02   0.0000000e+00
   3.0207465e-01   5.4396785e-02   0.0000000e+00
   3.0564533e-01   5.5730015e-02   0.0000000e+00
   3.0919904e-01   5.7074694e-02   0.0000000e+00
   3.1273588e-01   5.8430670e-02   0.0000000e+00
   3.1625590e-01   5.9797794e-02   0.0000000e+00
   3.1975920e-01   6.1175918e-02   0.0000000e+00
   3.2324584e-01   6.2564896e-02   0.0000000e+00
   3.2671589e-01   6.3964581e-02   0.0000000e+00
   3.3016945e-01   6.5374830e-02   0.0000000e+00
   3.3360658e-01   6.6795500e-02   0.0000000e+00
   3.3702735e-01   6.8226448e-02   0.0000000e+00
   3.4043184e-01   6.9667534e-02   0.0000000e+00
   3.4382013e-01   7.1118619e-02   0.0000000e+00
   3.4719228e-01   7.2579564e-02   0.0000000e+00
   3.5054837e-01   7.4050232e-02   0.0000000e+00
   3.5388848e-01   7.5530488e-02   0.0000000e+00
   3.5721267e-01   7.7020196e-02   0.0000000e+00
   3.6052102e-01   7.8519223e-02   0.0000000e+00
   3.6381361e-01   8.0027437e-02   0.0000000e+00
   3.6709049e-01   8.1544706e-02   0.0000000e+00
   3.7035175e-01   8.3070900e-02   0.0000000e+00
   3.7359745e-01   8.4605890e-02   0.0000000e+00
   3.7682767e-01   8.6149549e-02   0.0000000e+00
   3.8004248e-01   8.7701748e-02   0.0000000e+00
   3.8324194e-01   8.9262363e-02   0.0000000e+00
   3.8642613e-01   9.0831269e-02   0.0000000e+00
   3.8959512e-01   9.2408342e-02   0.0000000e+00
   3.9274897e-01   9.3993460e-02   0.0000000e+00
   3.9588775e-01   9.5586501e-02   0.0000000e+00
   3.9901154e-01   9.7187344e-02   0.0000000e+00
   4.0212039e-01   9.8795872e-02   0.0000000e+00
   4.0521439e-01   1.0041196e-01   0.0000000e+00
   4.0829359e-01   1.0203551e-01   0.0000000e+00
   4.1135807e-01   1.0366638e-01   0.0000000e+00
   4.1440789e-01   1.0530447e-01   0.0000000e+00
   4.1744312e-01   1.0694966e-01   0.0000000e+00
   4.2046382e-01   1.0860184e-01   0.0000000e+00
   4.2347006e-01   1.1026089e-01   0.0000000e+00
   4.2646191e-01   1.1192672e-01   0.0000000e+00
   4.2943943e-01   1.1359919e-01   0.0000000e+00
   4.3240269e-01   1.1527822e-01   0.0000000e+00
   4.3535175e-01   1.1696368e-01   0.0000000e+00
   4.3828668e-01   1.1865547e-01   0.0000000e+00
   4.4120754e-01   1.2035349e-01   0.0000000e+00
   4.4411440e-01   1.2205762e-01   0.0000000e+00
   4.4700732e-01   1.2376777e-01   0.0000000e+00
   4.4988636e-01   1.2548383e-01   0.0000000e+00
   4.5275159e-01   1.2720569e-01   0.0000000e+00
   4.5560308e-01   1.2893326e-01   0.0000000e+00
   4.5844087e-01   1.3066644e-01   0.0000000e+00
   4.6126504e-01   1.3240512e-01   0.0000000e+00
   4.6407565e-01   1.3414921e-01   0.0000000e+00
   4.6687276e-01   1.3589860e-01   0.0000000e+00
   4.6965643e-01   1.3765321e-01   0.0000000e+00
   4.7242672e-01   1.3941293e-01   0.0000000e+00
   4.7518370e-01   1.4117766e-01   0.0000000e+00
   4.7792742e-01   1.4294733e-01   0.0000000e+00
   4.8065795e-01   1.4472182e-01   0.0000000e+00
   4.8337535e-01   1.4650104e-01   0.0000000e+00
   4.8607967e-01   1.4828492e-01   0.0000000e+00
   4.8877098e-01   1.5007334e-01   0.0000000e+00
   4.9144933e-01   1.5186623e-01   0.0000000e+00
   4.9411479e-01   1.5366349e-01   0.0000000e+00
   4.9676741e-01   1.5546504e-01   0.0000000e+00
   4.9940726e-01   1.5727078e-01   0.0000000e+00
   5.0203439e-01   1.5908063e-01   0.0000000e+00
   5.0464885e-01   1.6089450e-01   0.0000000e+00
   5.0725072e-01   1.6271231e-01   0.0000000e+00
   5.0984004e-01   1.6453397e-01   0.0000000e+00
   5.1241687e-01   1.6635941e-01   0.0000000e+00
   5.1498127e-01   1.6818852e-01   0.0000000e+00
   5.1753330e-01   1.7002124e-01   0.0000000e+00
   5.2007302e-01   1.7185747e-01   0.0000000e+00
   5.2260047e-01   1.7369715e-01   0.0000000e+00
   5.2511572e-01   1.7554019e-01   0.0000000e+00
   5.2761883e-01   1.7738650e-01   0.0000000e+00
   5.3010984e-01   1.7923602e-01   0.0000000e+00
   5.3258881e-01   1.8108865e-01   0.0000000e+00
   5.3505581e-01   1.8294434e-01   0.0000000e+00
   5.3751087e-01   1.8480299e-01   0.0000000e+00
   5.3995407e-01   1.8666453e-01   0.0000000e+00
   5.4238545e-01   1.8852890e-01   0.0000000e+00
   5.4480507e-01   1.9039600e-01   0.0000000e+00
   5.4721297e-01   1.9226578e-01   0.0000000e+00
   5.4960923e-01   1.9413815e-01   0.0000000e+00
   5.5199388e-01   1.9601304e-01   0.0000000e+00
   5.5436698e-01   1.9789039e-01   0.0000000e+00
   5.5672859e-01   1.9977012e-01   0.0000000e+00
   5.5907876e-01   2.0165215e-01   0.0000000e+00
   5.6141754e-01   2.0353643e-01   0.0000000e+00
   5.6374498e-01   2.0542288e-01   0.0000000e+00
   5.6606113e-01   2.0731144e-01   0.0000000e+00
   5.6836606e-01   2.0920203e-01   0.0000000e+00
   5.7065980e-01   2.1109459e-01   0.0000000e+00
   5.7294241e-01   2.1298905e-01   0.0000000e+00
   5.7521394e-01   2.1488535e-01   0.0000000e+00
   5.7747444e-01   2.1678342e-01   0.0000000e+00
   5.7972397e-01   2.1868320e-01   0.0000000e+00
   5.8196257e-01   2.2058462e-01   0.0000000e+00
   5.8419029e-01   2.2248762e-01   0.0000000e+00
   5.8640719e-01   2.2439214e-01   0.0000000e+00
   5.8861331e-01   2.2629811e-01   0.0000000e+00
   5.9080871e-01   2.2820548e-01   0.0000000e+00
   5.9299343e-01   2.3011418e-01   0.0000000e+00
   5.9516752e-01   2.3202415e-01   0.0000000e+00
   5.9733103e-01   2.3393533e-01   0.0000000e+00
   5.9948401e-01   2.3584767e-01   0.0000000e+00
   6.0162650e-01   2.3776110e-01   0.0000000e+00
   6.0375857e-01   2.3967557e-01   0.0000000e+00
   6.0588025e-01   2.4159102e-01   0.0000000e+00
   6.0799159e-01   2.4350740e-01   0.0000000e+00
   6.1009264e-01   2.4542464e-01   0.0000000e+00
   6.1218345e-01   2.4734269e-01   0.0000000e+00
   6.1426407e-01   2.4926150e-01   0.0000000e+00
   6.1633453e-01   2.5118101e-01   0.0000000e+00
   6.1839490e-01   2.5310116e-01   0.0000000e+00
   6.2044521e-01   2.5502191e-01   0.0000000e+00
   6.2248551e-01   2.5694321e-01   0.0000000e+00
   6.2451586e-01   2.5886499e-01   0.0000000e+00
   6.2653628e-01   2.6078721e-01   0.0000000e+00
   6.2854684e-01   2.6270981e-01   0.0000000e+00
   6.3054757e-01   2.6463275e-01   0.0000000e+00
   6.3253852e-01   2.6655597e-01   0.0000000e+00
   6.3451974e-01   2.6847943e-01   0.0000000e+00
   6.3649127e-01   2.7040307e-01   0.0000000e+00
   6.3845315e-01   2.7232685e-01   0.0000000e+00
   6.4040544e-01   2.7425071e-01   0.0000000e+00
   6.4234817e-01   2.7617462e-01   0.0000000e+00
   6.4428139e-01   2.7809852e-01   0.0000000e+00
   6.4620514e-01   2.8002237e-01   0.0000000e+00
   6.4811947e-01   2.8212950e-01   3.2458722e-04
   6.5002442e-01   2.8423661e-01   6.5132736e-04
   6.5192003e-01   2.8634363e-01   9.8020901e-04
   6.5380635e-01   2.8845050e-01   1.3112209e-03
   6.5568342e-01   2.9055717e-01   1.6443517e-03
   6.5755129e-01   2.9266359e-01   1.9795903e-03
   6.5940999e-01   2.9476969e-01   2.3169255e-03
   6.6125957e-01   2.9687542e-01   2.6563465e-03
   6.6310007e-01   2.9898073e-01   2.9978421e-03
   6.6493153e-01   3.0108555e-01   3.3414015e-03
   6.6675399e-01   3.0318984e-01   3.6870138e-03
   6.6856750e-01   3.0529354e-01   4.0346685e-03
   6.7037210e-01   3.0739661e-01   4.3843546e-03
   6.7216783e-01   3.0949897e-01   4.7360618e-03
   6.7395473e-01   3.1160060e-01   5.0897793e-03
   6.7573284e-01   3.1370143e-01   5.4454968e-03
   6.7750220e-01   3.1580141e-01   5.8032038e-03
   6.7926285e-01   3.1790050e-01   6.1628900e-03
   6.8101484e-01   3.1999864e-01   6.5245451e-03
   6.8275820e-01   3.2209579e-01   6.8881589e-03
   6.8449297e-01   3.2419190e-01   7.2537214e-03
   6.8621919e-01   3.2628692e-01   7.6212224e-03
   6.8793691e-01   3.2838079e-01   7.9906519e-03
   6.8964616e-01   3.3047349e-01   8.3620000e-03
   6.9134698e-01   3.3256495e-01   8.7352568e-03
   6.9303942e-01   3.3465514e-01   9.1104126e-03
   6.9472350e-01   3.3674401e-01   9.4874575e-03
   6.9639927e-01   3.3883151e-01   9.8663820e-03
   6.9806677e-01   3.4091761e-01   1.0247176e-02
   6.9972603e-01   3.4300225e-01   1.0629831e-02
   7.0137710e-01   3.4508539e-01   1.1014337e-02
   7.0302001e-01   3.4716700e-01   1.1400684e-02
   7.0465480e-01   3.4924702e-01   1.1788863e-02
   7.0628150e-01   3.5132542e-01   1.2178865e-02
   7.0790017e-01   3.5340216e-01   1.2570681e-02
   7.0951082e-01   3.5547719e-01   1.2964301e-02
   7.1111351e-01   3.5755048e-01   1.3359716e-02
   7.1270826e-01   3.5962199e-01   1.3756918e-02
   7.1429512e-01   3.6169167e-01   1.4155897e-02
   7.1587411e-01   3.6375949e-01   1.4556644e-02
   7.1744529e-01   3.6582541e-01   1.4959151e-02
   7.1900868e-01   3.6788939e-01   1.5363409e-02
   7.2056432e-01   3.6995140e-01   1.5769408e-02
   7.2211225e-01   3.7201140e-01   1.6177141e-02
   7.2365250e-01   3.7406934e-01   1.6586599e-02
   7.2518510e-01   3.7612520e-01   1.6997773e-02
   7.2671011e-01   3.7817895e-01   1.7410654e-02
   7.2822754e-01   3.8023053e-01   1.7825235e-02
   7.2973743e-01   3.8227993e-01   1.8241506e-02
   7.3123983e-01   3.8432710e-01   1.8659460e-02
   7.3273476e-01   3.8637201e-01   1.9079088e-02
   7.3422226e-01   3.8841463e-01   1.9500382e-02
   7.3570236e-01   3.9045493e-01   1.9923334e-02
   7.3717510e-01   3.9249287e-01   2.0347936e-02
   7.3864052e-01   3.9452842e-01   2.0774179e-02
   7.4009865e-01   3.9656155e-01   2.1202056e-02
   7.4154951e-01   3.9859222e-01   2.1631559e-02
   7.4299315e-01   4.0062042e-01   2.2062680e-02
   7.4442960e-01   4.0264610e-01   2.2495411e-02
   7.4585890e-01   4.0466923e-01   2.2929745e-02
   7.4728107e-01   4.0668979e-01   2.3365673e-02
   7.4869615e-01   4.0870774e-01   2.3803188e-02
   7.5010417e-01   4.1072307e-01   2.4242282e-02
   7.5150517e-01   4.1273573e-01   2.4682949e-02
   7.5289918e-01   4.1474570e-01   2.5125180e-02
   7.5428623e-01   4.1675295e-01   2.5568968e-02
   7.5566635e-01   4.1875746e-01   2.6014305e-02
   7.5703958e-01   4.2075920e-01   2.6461185e-02
   7.5840595e-01   4.2275814e-01   2.6909599e-02
   7.5976549e-01   4.2475425e-01   2.7359542e-02
   7.6111824e-01   4.2674751e-01   2.7811005e-02
   7.6246421e-01   4.2873789e-01   2.8263982e-02
   7.6380346e-01   4.3072538e-01   2.8718465e-02
   7.6513600e-01   4.3270993e-01   2.9174447e-02
   7.6646187e-01   4.3469153e-01   2.9631922e-02
   7.6778111e-01   4.3667015e-01   3.0090883e-02
   7.6909373e-01   4.3864577e-01   3.0551322e-02
   7.7039978e-01   4.4061837e-01   3.1013233e-02
   7.7169928e-01   4.4258792e-01   3.1476610e-02
   7.7299227e-01   4.4455440e-01   3.1941444e-02
   7.7427877e-01   4.4651778e-01   3.2407731e-02
   7.7555882e-01   4.4847805e-01   3.2875463e-02
   7.7683244e-01   4.5043518e-01   3.3344634e-02
   7.7809967e-01   4.5238915e-01   3.3815236e-02
   7.7936054e-01   4.5433994e-01   3.4287265e-02
   7.8061507e-01   4.5628753e-01   3.4760712e-02
   7.8186329e-01   4.5823189e-01   3.5235573e-02
   7.8310525e-01   4.6017301e-01   3.5711840e-02
   7.8434095e-01   4.6211087e-01   3.6189508e-02
   7.8557044e-01   4.6404544e-01   3.6668569e-02
   7.8679375e-01   4.6597671e-01   3.7149019e-02
   7.8801090e-01   4.6790466e-01   3.7630851e-02
   7.8922192e-01   4.6982926e-01   3.8114058e-02
   7.9042684e-01   4.7175051e-01   3.8598635e-02
   7.9162568e-01   4.7366837e-01   3.9084577e-02
   7.9281849e-01   4.7558284e-01   3.9571875e-02
   7.9400528e-01   4.7749389e-01   4.0060526e-02
   7.9518609e-01   4.7940152e-01   4.0550524e-02
   7.9636094e-01   4.8130569e-01   4.1041861e-02
   7.9752986e-01   4.8320639e-01   4.1534533e-02
   7.9869288e-01   4.8510361e-01   4.2028534e-02
   7.9985002e-01   4.8699734e-01   4.2523859e-02
   8.0100132e-01   4.8888754e-01   4.3020501e-02
   8.0214681e-01   4.9077422e-01   4.3518455e-02
   8.0328650e-01   4.9265734e-01   4.4017716e-02
   8.0442042e-01   4.9453690e-01   4.4518278e-02
   8.0554861e-01   4.9641289e-01   4.5020136e-02
   8.0667110e-01   4.9828528e-01   4.5523284e-02
   8.0778790e-01   5.0015406e-01   4.6027717e-02
   8.0889904e-01   5.0201923e-01   4.6533430e-02
   8.1000455e-01   5.0388075e-01   4.7040418e-02
   8.1110447e-01   5.0573863e-01   4.7548674e-02
   8.1219880e-01   5.0759284e-01   4.8058195e-02
   8.1328759e-01   5.0944337e-01   4.8568975e-02
   8.1437086e-01   5.1129021e-01   4.9081008e-02
   8.1544862e-01   5.1313335e-01   4.9594291e-02
   8.1652092e-01   5.1497277e-01   5.0108817e-02
   8.1758777e-01   5.1680847e-01   5.0624582e-02
   8.1864920e-01   5.1864042e-01   5.1141582e-02
   8.1970524e-01   5.2046862e-01   5.1659810e-02
   8.2075591e-01   5.2229306e-01   5.2179263e-02
   8.2180124e-01   5.2411372e-01   5.2699935e-02
   8.2284125e-01   5.2593059e-01   5.3221823e-02
   8.2387597e-01   5.2774366e-01   5.3744920e-02
   8.2490542e-01   5.2955292e-01   5.4269223e-02
   8.2592962e-01   5.3135837e-01   5.4794727e-02
   8.2694861e-01   5.3315998e-01   5.5321426e-02
   8.2796241e-01   5.3495775e-01   5.5849318e-02
   8.2897104e-01   5.3675167e-01   5.6378397e-02
   8.2997452e-01   5.3854173e-01   5.6908659e-02
   8.3097289e-01   5.4032792e-01   5.7440099e-02
   8.3196616e-01   5.4211022e-01   5.7972713e-02
   8.3295436e-01   5.4388864e-01   5.8506497e-02
   8.3393751e-01   5.4566316e-01   5.9041446e-02
   8.3491564e-01   5.4743378e-01   5.9577556e-02
   8.3588877e-01   5.4920047e-01   6.0114824e-02
   8.3685693e-01   5.5096325e-01   6.0653244e-02
   8.3782013e-01   5.5272209e-01   6.1192812e-02
   8.3877841e-01   5.5447699e-01   6.1733525e-02
   8.3973178e-01   5.5622794e-01   6.2275379e-02
   8.4068027e-01   5.5797494e-01   6.2818369e-02
   8.4162390e-01   5.5971797e-01   6.3362491e-02
   8.4256269e-01   5.6145703e-01   6.3907742e-02
   8.4349668e-01   5.6319212e-01   6.4454117e-02
   8.4442587e-01   5.6492322e-01   6.5001613e-02
   8.4535030e-01   5.6665032e-01   6.5550226e-02
   8.4626998e-01   5.6837343e-01   6.6099952e-02
   8.4718495e-01   5.7009254e-01   6.6650788e-02
   8.4809521e-01   5.7180763e-01   6.7202729e-02
   8.4900080e-01   5.7351871e-01   6.7755772e-02
   8.4990173e-01   5.7522576e-01   6.8309913e-02
   8.5079803e-01   5.7692879e-01   6.8865149e-02
   8.5168973e-01   5.7862778e-01   6.9421476e-02
   8.5257683e-01   5.8032273e-01   6.9978891e-02
   8.5345937e-01   5.8201364e-01   7.0537389e-02
   8.5433736e-01   5.8370050e-01   7.1096968e-02
   8.5521083e-01   5.8538330e-01   7.1657625e-02
   8.5607980e-01   5.8706204e-01   7.2219355e-02
   8.5694429e-01   5.8873672e-01   7.2782156e-02
   8.5780432e-01   5.9040733e-01   7.3346023e-02
   8.5865991e-01   5.9207387e-01   7.3910955e-02
   8.5951109e-01   5.9373633e-01   7.4476947e-02
   8.6035788e-01   5.9539471e-01   7.5043996e-02
   8.6120029e-01   5.9704900e-01   7.5612100e-02
   8.6203834e-01   5.9869921e-01   7.6181255e-02
   8.6287207e-01   6.0034532e-01   7.6751457e-02
   8.6370148e-01   6.0198734e-01   7.7322705e-02
   8.6452661e-01   6.0362526e-01   7.7894994e-02
   8.6534746e-01   6.0525908e-01   7.8468322e-02
   8.6616406e-01   6.0688879e-01   7.9042686e-02
   8.6697644e-01   6.0851440e-01   7.9618082e-02
   8.6778460e-01   6.1013589e-01   8.0194509e-02
   8.6858857e-01   6.1175328e-01   8.0771963e-02
   8.6938838e-01   6.1336654e-01   8.1350441e-02
   8.7018404e-01   6.1497569e-01   8.1929941e-02
   8.7097556e-01   6.1658072e-01   8.2510459e-02
   8.7176298e-01   6.1818163e-01   8.3091993e-02
   8.7254631e-01   6.1977841e-01   8.3674541e-02
   8.7332557e-01   6.2137107e-01   8.4258099e-02
   8.7410078e-01   6.2295961e-01   8.4842665e-02
   8.7487195e-01   6.2454401e-01   8.5428237e-02
   8.7563912e-01   6.2612428e-01   8.6014811e-02
   8.7640229e-01   6.2770042e-01   8.6602385e-02
   8.7716149e-01   6.2927243e-01   8.7190958e-02
   8.7791673e-01   6.3084031e-01   8.7780525e-02
   8.7866804e-01   6.3240405e-01   8.8371086e-02
   8.7941543e-01   6.3396366e-01   8.8962636e-02
   8.8015892e-01   6.3551913e-01   8.9555175e-02
   8.8089854e-01   6.3707047e-01   9.0148700e-02
   8.8163429e-01   6.3861766e-01   9.0743208e-02
   8.8236620e-01   6.4016072e-01   9.1338697e-02
   8.8309429e-01   6.4169965e-01   9.1935165e-02
   8.8381857e-01   6.4323443e-01   9.2532610e-02
   8.8453907e-01   6.4476508e-01   9.3131029e-02
   8.8525580e-01   6.4629159e-01   9.3730420e-02
   8.8596877e-01   6.4781396e-01   9.4330782e-02
   8.8667802e-01   6.4933220e-01   9.4932112e-02
   8.8738355e-01   6.5084630e-01   9.5534408e-02
   8.8808538e-01   6.5235626e-01   9.6137667e-02
   8.8878354e-01   6.5386209e-01   9.6741889e-02
   8.8947803e-01   6.5536379e-01   9.7347071e-02
   8.9016888e-01   6.5686135e-01   9.7953211e-02
   8.9085611e-01   6.5835478e-01   9.8560307e-02
   8.9153972e-01   6.5984407e-01   9.9168358e-02
   8.9221975e-01   6.6132924e-01   9.9777361e-02
   8.9289620e-01   6.6281027e-01   1.0038731e-01
   8.9356910e-01   6.6428718e-01   1.0099822e-01
   8.9423845e-01   6.6575996e-01   1.0161007e-01
   8.9490429e-01   6.6722861e-01   1.0222286e-01
   8.9556662e-01   6.6869315e-01   1.0283660e-01
   8.9622546e-01   6.7015356e-01   1.0345128e-01
   8.9688082e-01   6.7160984e-01   1.0406690e-01
   8.9753274e-01   6.7306202e-01   1.0468346e-01
   8.9818122e-01   6.7451007e-01   1.0530096e-01
   8.9882627e-01   6.7595401e-01   1.0591939e-01
   8.9946792e-01   6.7739384e-01   1.0653876e-01
   9.0010618e-01   6.7882955e-01   1.0715906e-01
   9.0074107e-01   6.8026116e-01   1.0778029e-01
   9.0137260e-01   6.8168867e-01   1.0840245e-01
   9.0200080e-01   6.8311207e-01   1.0902554e-01
   9.0262567e-01   6.8453137e-01   1.0964956e-01
   9.0324723e-01   6.8594657e-01   1.1027450e-01
   9.0386551e-01   6.8735768e-01   1.1090037e-01
   9.0448050e-01   6.8876469e-01   1.1152716e-01
   9.0509224e-01   6.9016762e-01   1.1215487e-01
   9.0570074e-01   6.9156646e-01   1.1278350e-01
   9.0630600e-01   6.9296121e-01   1.1341305e-01
   9.0690806e-01   6.9435188e-01   1.1404352e-01
   9.0750692e-01   6.9573848e-01   1.1467491e-01
   9.0810259e-01   6.9712100e-01   1.1530721e-01
   9.0869510e-01   6.9849945e-01   1.1594043e-01
   9.0928446e-01   6.9987384e-01   1.1657456e-01
   9.0987069e-01   7.0124416e-01   1.1720961e-01
   9.1045379e-01   7.0261041e-01   1.1784556e-01
   9.1103379e-01   7.0397262e-01   1.1848243e-01
   9.1161071e-01   7.0533076e-01   1.1912021e-01
   9.1218454e-01   7.0668486e-01   1.1975890e-01
   9.1275532e-01   7.0803491e-01   1.2039849e-01
   9.1332305e-01   7.0938092e-01   1.2103899e-01
   9.1388775e-01   7.1072289e-01   1.2168040e-01
   9.1444944e-01   7.1206083e-01   1.2232271e-01
   9.1500813e-01   7.1339473e-01   1.2296593e-01
   9.1556383e-01   7.1472461e-01   1.2361006e-01
   9.1611656e-01   7.1605047e-01   1.2425508e-01
   9.1666633e-01   7.1737231e-01   1.2490101e-01
   9.1721316e-01   7.1869013e-01   1.2554784e-01
   9.1775706e-01   7.2000395e-01   1.2619558e-01
   9.1829805e-01   7.2131376e-01   1.2684421e-01
   9.1883613e-01   7.2261956e-01   1.2749374e-01
   9.1937133e-01   7.2392138e-01   1.2814418e-01
   9.1990366e-01   7.2521920e-01   1.2879551e-01
   9.2043314e-01   7.2651303e-01   1.2944774e-01
   9.2095977e-01   7.2780288e-01   1.3010087e-01
   9.2148357e-01   7.2908876e-01   1.3075490e-01
   9.2200455e-01   7.3037066e-01   1.3140982e-01
   9.2252273e-01   7.3164859e-01   1.3206565e-01
   9.2303812e-01   7.3292256e-01   1.3272236e-01
   9.2355074e-01   7.3419257e-01   1.3337998e-01
   9.2406060e-01   7.3545863e-01   1.3403849e-01
   9.2456771e-01   7.3672074e-01   1.3469790e-01
   9.2507208e-01   7.3797890e-01   1.3535820e-01
   9.2557373e-01   7.3923313e-01   1.3601940e-01
   9.2607268e-01   7.4048342e-01   1.3668149e-01
   9.2656893e-01   7.4172979e-01   1.3734447e-01
   9.2706250e-01   7.4297223e-01   1.3800836e-01
   9.2755340e-01   7.4421076e-01   1.3867313e-01
   9.2804165e-01   7.4544537e-01   1.3933880e-01
   9.2852725e-01   7.4667607e-01   1.4000537e-01
   9.2901023e-01   7.4790288e-01   1.4067283e-01
   9.2949059e-01   7.4912579e-01   1.4134118e-01
   9.2996834e-01   7.5034481e-01   1.4201043e-01
   9.3044351e-01   7.5155994e-01   1.4268057e-01
   9.3091610e-01   7.5277120e-01   1.4335161e-01
   9.3138612e-01   7.5397858e-01   1.4402354e-01
   9.3185359e-01   7.5518209e-01   1.4469637e-01
   9.3231852e-01   7.5638174e-01   1.4537009e-01
   9.3278092e-01   7.5757753e-01   1.4604470e-01
   9.3324081e-01   7.5876948e-01   1.4672021e-01
   9.3369819e-01   7.5995757e-01   1.4739662e-01
   9.3415308e-01   7.6114183e-01   1.4807392e-01
   9.3460550e-01   7.6232226e-01   1.4875212e-01
   9.3505545e-01   7.6349886e-01   1.4943122e-01
   9.3550294e-01   7.6467164e-01   1.5011121e-01
   9.3594799e-01   7.6584060e-01   1.5079210e-01
   9.3639061e-01   7.6700575e-01   1.5147388e-01
   9.3683082e-01   7.6816710e-01   1.5215656e-01
   9.3726862e-01   7.6932465e-01   1.5284015e-01
   9.3770402e-01   7.7047841e-01   1.5352463e-01
   9.3813704e-01   7.7162839e-01   1.5421001e-01
   9.3856769e-01   7.7277459e-01   1.5489628e-01
   9.3899599e-01   7.7391702e-01   1.5558346e-01
   9.3942193e-01   7.7505567e-01   1.5627154e-01
   9.3984554e-01   7.7619057e-01   1.5696053e-01
   9.4026682e-01   7.7732172e-01   1.5765041e-01
   9.4068580e-01   7.7844912e-01   1.5834120e-01
   9.4110247e-01   7.7957278e-01   1.5903289e-01
   9.4151685e-01   7.8069270e-01   1.5972548e-01
   9.4192895e-01   7.8180890e-01   1.6041898e-01
   9.4233878e-01   7.8292137e-01   1.6111338e-01
   9.4274636e-01   7.8403013e-01   1.6180869e-01
   9.4315169e-01   7.8513518e-01   1.6250491e-01
   9.4355479e-01   7.8623653e-01   1.6320204e-01
   9.4395567e-01   7.8733418e-01   1.6390007e-01
   9.4435433e-01   7.8842815e-01   1.6459902e-01
   9.4475080e-01   7.8951843e-01   1.6529887e-01
   9.4514507e-01   7.9060504e-01   1.6599964e-01
   9.4553716e-01   7.9168797e-01   1.6670132e-01
   9.4592709e-01   7.9276725e-01   1.6740391e-01
   9.4631486e-01   7.9384287e-01   1.6810742e-01
   9.4670048e-01   7.9491484e-01   1.6881184e-01
   9.4708396e-01   7.9598317e-01   1.6951718e-01
   9.4746532e-01   7.9704786e-01   1.7022344e-01
   9.4784456e-01   7.9810892e-01   1.7093061e-01
   9.4822170e-01   7.9916637e-01   1.7163871e-01
   9.4859675e-01   8.0022019e-01   1.7234773e-01
   9.4896971e-01   8.0127041e-01   1.7305767e-01
   9.4934059e-01   8.0231703e-01   1.7376853e-01
   9.4970942e-01   8.0336005e-01   1.7448032e-01
   9.5007619e-01   8.0439949e-01   1.7519304e-01
   9.5044092e-01   8.0543535e-01   1.7590668e-01
   9.5080361e-01   8.0646763e-01   1.7662126e-01
   9.5116429e-01   8.0749634e-01   1.7733676e-01
   9.5152295e-01   8.0852150e-01   1.7805319e-01
   9.5187960e-01   8.0954310e-01   1.7877056e-01
   9.5223427e-01   8.1056116e-01   1.7948886e-01
   9.5258695e-01   8.1157568e-01   1.8020810e-01
   9.5293767e-01   8.1258666e-01   1.8092828e-01
   9.5328641e-01   8.1359413e-01   1.8164939e-01
   9.5363321e-01   8.1459807e-01   1.8237145e-01
   9.5397806e-01   8.1559851e-01   1.8309445e-01
   9.5432098e-01   8.1659544e-01   1.8381839e-01
   9.5466197e-01   8.1758887e-01   1.8454328e-01
   9.5500105e-01   8.1857882e-01   1.8526912e-01
   9.5533823e-01   8.1956528e-01   1.8599590e-01
   9.5567351e-01   8.2054827e-01   1.8672364e-01
   9.5600690e-01   8.2152779e-01   1.8745233e-01
   9.5633842e-01   8.2250385e-01   1.8818197e-01
   9.5666807e-01   8.2347646e-01   1.8891257e-01
   9.5699587e-01   8.2444562e-01   1.8964413e-01
   9.5732181e-01   8.2541134e-01   1.9037664e-01
   9.5764592e-01   8.2637363e-01   1.9111012e-01
   9.5796819e-01   8.2733249e-01   1.9184456e-01
   9.5828865e-01   8.2828794e-01   1.9257997e-01
   9.5860729e-01   8.2923998e-01   1.9331635e-01
   9.5892414e-01   8.3018861e-01   1.9405369e-01
   9.5923918e-01   8.3113385e-01   1.9479201e-01
   9.5955245e-01   8.3207570e-01   1.9553130e-01
   9.5986393e-01   8.3301417e-01   1.9627157e-01
   9.6017366e-01   8.3394927e-01   1.9701281e-01
   9.6048162e-01   8.3488100e-01   1.9775504e-01
   9.6078783e-01   8.3580937e-01   1.9849824e-01
   9.6109231e-01   8.3673438e-01   1.9924244e-01
   9.6139505e-01   8.3765606e-01   1.9998762e-01
   9.6169607e-01   8.3857439e-01   2.0073378e-01
   9.6199538e-01   8.3948940e-01   2.0148094e-01
   9.6229298e-01   8.4040108e-01   2.0222910e-01
   9.6258888e-01   8.4130945e-01   2.0297825e-01
   9.6288310e-01   8.4221451e-01   2.0372839e-01
   9.6317564e-01   8.4311627e-01   2.0447954e-01
   9.6346650e-01   8.4401474e-01   2.0523170e-01
   9.6375570e-01   8.4490992e-01   2.0598486e-01
   9.6404325e-01   8.4580182e-01   2.0673902e-01
   9.6432915e-01   8.4669045e-01   2.0749420e-01
   9.6461342e-01   8.4757582e-01   2.0825039e-01
   9.6489605e-01   8.4845793e-01   2.0900760e-01
   9.6517706e-01   8.4933679e-01   2.0976583e-01
   9.6545646e-01   8.5021241e-01   2.1052508e-01
   9.6573425e-01   8.5108480e-01   2.1128535e-01
   9.6601045e-01   8.5195395e-01   2.1204665e-01
   9.6628506e-01   8.5281989e-01   2.1280898e-01
   9.6655809e-01   8.5368262e-01   2.1357234e-01
   9.6682954e-01   8.5454214e-01   2.1433674e-01
   9.6709943e-01   8.5539847e-01   2.1510217e-01
   9.6736776e-01   8.5625160e-01   2.1586865e-01
   9.6763454e-01   8.5710155e-01   2.1663617e-01
   9.6789979e-01   8.5794833e-01   2.1740474e-01
   9.6816349e-01   8.5879194e-01   2.1817436e-01
   9.6842568e-01   8.5963239e-01   2.1894503e-01
   9.6868634e-01   8.6046968e-01   2.1971676e-01
   9.6894549e-01   8.6130383e-01   2.2048954e-01
   9.6920315e-01   8.6213485e-01   2.2126339e-01
   9.6945930e-01   8.6296273e-01   2.2203831e-01
   9.6971397e-01   8.6378749e-01   2.2281429e-01
   9.6996716e-01   8.6460913e-01   2.2359135e-01
   9.7021888e-01   8.6542766e-01   2.2436948e-01
   9.7046913e-01   8.6624309e-01   2.2514869e-01
   9.7071792e-01   8.6705543e-01   2.2592898e-01
   9.7096527e-01   8.6786468e-01   2.2671035e-01
   9.7121117e-01   8.6867085e-01   2.2749282e-01
   9.7145564e-01   8.6947395e-01   2.2827637e-01
   9.7169867e-01   8.7027399e-01   2.2906102e-01
   9.7194029e-01   8.7107097e-01   2.2984677e-01
   9.7218050e-01   8.7186490e-01   2.3063363e-01
   9.7241929e-01   8.7265578e-01   2.3142159e-01
   9.7265669e-01   8.7344364e-01   2.3221065e-01
   9.7289270e-01   8.7422846e-01   2.3300084e-01
   9.7312732e-01   8.7501027e-01   2.3379214e-01
   9.7336057e-01   8.7578906e-01   2.3458455e-01
   9.7359244e-01   8.7656484e-01   2.3537810e-01
   9.7382295e-01   8.7733763e-01   2.3617277e-01
   9.7405210e-01   8.7810743e-01   2.3696858e-01
   9.7427990e-01   8.7887425e-01   2.3776552e-01
   9.7450636e-01   8.7963808e-01   2.3856360e-01
   9.7473149e-01   8.8039895e-01   2.3936282e-01
   9.7495528e-01   8.8115686e-01   2.4016319e-01
   9.7517775e-01   8.8191182e-01   2.4096471e-01
   9.7539891e-01   8.8266382e-01   2.4176739e-01
   9.7561875e-01   8.8341289e-01   2.4257123e-01
   9.7583730e-01   8.8415903e-01   2.4337623e-01
   9.7605455e-01   8.8490224e-01   2.4418240e-01
   9.7627051e-01   8.8564254e-01   2.4498975e-01
   9.7648519e-01   8.8637992e-01   2.4579827e-01
   9.7669859e-01   8.8711440e-01   2.4660797e-01
   9.7691072e-01   8.8784599e-01   2.4741885e-01
   9.7712159e-01   8.8857468e-01   2.4823093e-01
   9.7733120e-01   8.8930050e-01   2.4904420e-01
   9.7753957e-01   8.9002344e-01   2.4985866e-01
   9.7774669e-01   8.9074352e-01   2.5067433e-01
   9.7795257e-01   8.9146073e-01   2.5149121e-01
   9.7815722e-01   8.9217510e-01   2.5230930e-01
   9.7836065e-01   8.9288662e-01   2.5312861e-01
   9.7856286e-01   8.9359530e-01   2.5394913e-01
   9.7876386e-01   8.9430115e-01   2.5477089e-01
   9.7896366e-01   8.9500418e-01   2.5559387e-01
   9.7916225e-01   8.9570439e-01   2.5641809e-01
   9.7935965e-01   8.9640179e-01   2.5724355e-01
   9.7955586e-01   8.9709639e-01   2.5807025e-01
   9.7975090e-01   8.9778820e-01   2.5889821e-01
   9.7994476e-01   8.9847722e-01   2.5972742e-01
   9.8013745e-01   8.9916346e-01   2.6055789e-01
   9.8032897e-01   8.9984693e-01   2.6138962e-01
   9.8051934e-01   9.0052763e-01   2.6222263e-01
   9.8070856e-01   9.0120557e-01   2.6305691e-01
   9.8089664e-01   9.0188076e-01   2.6389247e-01
   9.8108358e-01   9.0255321e-01   2.6472932e-01
   9.8126938e-01   9.0322292e-01   2.6556746e-01
   9.8145406e-01   9.0388989e-01   2.6640689e-01
   9.8163761e-01   9.0455415e-01   2.6724762e-01
   9.8182005e-01   9.0521569e-01   2.6808967e-01
   9.8200139e-01   9.0587452e-01   2.6893302e-01
   9.8218161e-01   9.0653065e-01   2.6977770e-01
   9.8236074e-01   9.0718408e-01   2.7062369e-01
   9.8253878e-01   9.0783483e-01   2.7147102e-01
   9.8271573e-01   9.0848289e-01   2.7231968e-01
   9.8289160e-01   9.0912828e-01   2.7316968e-01
   9.8306639e-01   9.0977100e-01   2.7402103e-01
   9.8324011e-01   9.1041107e-01   2.7487373e-01
   9.8341277e-01   9.1104848e-01   2.7572779e-01
   9.8358437e-01   9.1168324e-01   2.7658321e-01
   9.8375492e-01   9.1231537e-01   2.7744001e-01
   9.8392442e-01   9.1294487e-01   2.7829818e-01
   9.8409288e-01   9.1357173e-01   2.7915773e-01
   9.8426030e-01   9.1419599e-01   2.8001867e-01
   9.8442669e-01   9.1481763e-01   2.8088100e-01
   9.8459205e-01   9.1543666e-01   2.8174474e-01
   9.8475639e-01   9.1605310e-01   2.8260988e-01
   9.8491972e-01   9.1666695e-01   2.8347643e-01
   9.8508204e-01   9.1727821e-01   2.8434441e-01
   9.8524335e-01   9.1788690e-01   2.8521381e-01
   9.8540366e-01   9.1849302e-01   2.8608464e-01
   9.8556298e-01   9.1909657e-01   2.8695692e-01
   9.8572131e-01   9.1969757e-01   2.8783064e-01
   9.8587865e-01   9.2029602e-01   2.8870581e-01
   9.8603502e-01   9.2089192e-01   2.8958244e-01
   9.8619041e-01   9.2148529e-01   2.9046054e-01
   9.8634484e-01   9.2207613e-01   2.9134011e-01
   9.8649830e-01   9.2266445e-01   2.9222116e-01
   9.8665080e-01   9.2325025e-01   2.9310370e-01
   9.8680235e-01   9.2383355e-01   2.9398774e-01
   9.8695295e-01   9.2441434e-01   2.9487327e-01
   9.8710261e-01   9.2499263e-01   2.9576032e-01
   9.8725132e-01   9.2556844e-01   2.9664887e-01
   9.8739911e-01   9.2614177e-01   2.9753896e-01
   9.8754596e-01   9.2671262e-01   2.9843057e-01
   9.8769190e-01   9.2728100e-01   2.9932372e-01
   9.8783691e-01   9.2784692e-01   3.0021842e-01
   9.8798101e-01   9.2841038e-01   3.0111467e-01
   9.8812420e-01   9.2897139e-01   3.0201248e-01
   9.8826648e-01   9.2952997e-01   3.0291186e-01
   9.8840787e-01   9.3008610e-01   3.0381282e-01
   9.8854836e-01   9.3063981e-01   3.0471536e-01
   9.8868796e-01   9.3119110e-01   3.0561949e-01
   9.8882668e-01   9.3173997e-01   3.0652522e-01
   9.8896451e-01   9.3228642e-01   3.0743257e-01
   9.8910147e-01   9.3283048e-01   3.0834152e-01
   9.8923756e-01   9.3337214e-01   3.0925211e-01
   9.8937278e-01   9.3391141e-01   3.1016432e-01
   9.8950714e-01   9.3444830e-01   3.1107818e-01
   9.8964063e-01   9.3498281e-01   3.1199369e-01
   9.8977328e-01   9.3551495e-01   3.1291086e-01
   9.8990508e-01   9.3604472e-01   3.1382969e-01
   9.9003603e-01   9.3657214e-01   3.1475020e-01
   9.9016615e-01   9.3709721e-01   3.1567239e-01
   9.9029542e-01   9.3761993e-01   3.1659628e-01
   9.9042387e-01   9.3814031e-01   3.1752187e-01
   9.9055149e-01   9.3865836e-01   3.1844917e-01
   9.9067829e-01   9.3917408e-01   3.1937819e-01
   9.9080427e-01   9.3968749e-01   3.2030894e-01
   9.9092944e-01   9.4019858e-01   3.2124143e-01
   9.9105380e-01   9.4070736e-01   3.2217567e-01
   9.9117735e-01   9.4121385e-01   3.2311167e-01
   9.9130011e-01   9.4171804e-01   3.2404943e-01
   9.9142207e-01   9.4221994e-01   3.2498897e-01
   9.9154323e-01   9.4271956e-01   3.2593030e-01
   9.9166361e-01   9.4321690e-01   3.2687343e-01
   9.9178320e-01   9.4371197e-01   3.2781836e-01
   9.9190202e-01   9.4420478e-01   3.2876511e-01
   9.9202006e-01   9.4469534e-01   3.2971368e-01
   9.9213733e-01   9.4518364e-01   3.3066409e-01
   9.9225383e-01   9.4566970e-01   3.3161635e-01
   9.9236957e-01   9.4615352e-01   3.3257047e-01
   9.9248455e-01   9.4663510e-01   3.3352645e-01
   9.9259878e-01   9.4711446e-01   3.3448431e-01
   9.9271225e-01   9.4759160e-01   3.3544406e-01
   9.9282498e-01   9.4806653e-01   3.3640571e-01
   9.9293697e-01   9.4853924e-01   3.3736928e-01
   9.9304822e-01   9.4900976e-01   3.3833476e-01
   9.9315873e-01   9.4947807e-01   3.3930218e-01
   9.9326851e-01   9.4994420e-01   3.4027154e-01
   9.9337757e-01   9.5040814e-01   3.4124285e-01
   9.9348590e-01   9.5086991e-01   3.4221614e-01
   9.9359351e-01   9.5132950e-01   3.4319140e-01
   9.9370041e-01   9.5178693e-01   3.4416865e-01
   9.9380660e-01   9.5224219e-01   3.4514791e-01
   9.9391208e-01   9.5269530e-01   3.4612917e-01
   9.9401685e-01   9.5314626e-01   3.4711247e-01
   9.9412093e-01   9.5359508e-01   3.4809780e-01
   9.9422431e-01   9.5404176e-01   3.4908518e-01
   9.9432700e-01   9.5448631e-01   3.5007463e-01
   9.9442900e-01   9.5492873e-01   3.5106615e-01
   9.9453031e-01   9.5536903e-01   3.5205975e-01
   9.9463095e-01   9.5580722e-01   3.5305546e-01
   9.9473090e-01   9.5624330e-01   3.5405328e-01
   9.9483019e-01   9.5667728e-01   3.5505323e-01
   9.9492880e-01   9.5710916e-01   3.5605532e-01
   9.9502674e-01   9.5753895e-01   3.5705956e-01
   9.9512403e-01   9.5796666e-01   3.5806596e-01
   9.9522065e-01   9.5839228e-01   3.5907455e-01
   9.9531662e-01   9.5881583e-01   3.6008533e-01
   9.9541193e-01   9.5923732e-01   3.6109831e-01
   9.9550660e-01   9.5965674e-01   3.6211352e-01
   9.9560062e-01   9.6007410e-01   3.6313096e-01
   9.9569400e-01   9.6048941e-01   3.6415065e-01
   9.9578674e-01   9.6090267e-01   3.6517261e-01
   9.9587885e-01   9.6131389e-01   3.6619684e-01
   9.9597033e-01   9.6172308e-01   3.6722337e-01
   9.9606118e-01   9.6213024e-01   3.6825221e-01
   9.9615140e-01   9.6253537e-01   3.6928336e-01
   9.9624100e-01   9.6293849e-01   3.7031686e-01
   9.9632999e-01   9.6333959e-01   3.7135271e-01
   9.9641836e-01   9.6373868e-01   3.7239093e-01
   9.9650612e-01   9.6413577e-01   3.7343153e-01
   9.9659327e-01   9.6453086e-01   3.7447454e-01
   9.9667982e-01   9.6492396e-01   3.7551996e-01
   9.9676577e-01   9.6531508e-01   3.7656781e-01
   9.9685112e-01   9.6570421e-01   3.7761811e-01
   9.9693588e-01   9.6609137e-01   3.7867088e-01
   9.9702004e-01   9.6647655e-01   3.7972613e-01
   9.9710362e-01   9.6685978e-01   3.8078388e-01
   9.9718661e-01   9.6724104e-01   3.8184415e-01
   9.9726902e-01   9.6762034e-01   3.8290695e-01
   9.9735086e-01   9.6799770e-01   3.8397230e-01
   9.9743212e-01   9.6837311e-01   3.8504022e-01
   9.9751280e-01   9.6874658e-01   3.8611072e-01
   9.9759292e-01   9.6911812e-01   3.8718383e-01
   9.9767247e-01   9.6948773e-01   3.8825957e-01
   9.9775146e-01   9.6985541e-01   3.8933794e-01
   9.9782989e-01   9.7022118e-01   3.9041898e-01
   9.9790777e-01   9.7058503e-01   3.9150269e-01
   9.9798509e-01   9.7094697e-01   3.9258911e-01
   9.9806186e-01   9.7130701e-01   3.9367824e-01
   9.9813808e-01   9.7166515e-01   3.9477010e-01
   9.9821376e-01   9.7202140e-01   3.9586473e-01
   9.9828890e-01   9.7237575e-01   3.9696213e-01
   9.9836350e-01   9.7272822e-01   3.9806233e-01
   9.9843756e-01   9.7307882e-01   3.9916534e-01
   9.9851110e-01   9.7342754e-01   4.0027120e-01
   9.9858410e-01   9.7377439e-01   4.0137991e-01
   9.9865658e-01   9.7411937e-01   4.0249151e-01
   9.9872853e-01   9.7446250e-01   4.0360600e-01
   9.9879997e-01   9.7480377e-01   4.0472342e-01
   9.9887088e-01   9.7514319e-01   4.0584379e-01
   9.9894128e-01   9.7548076e-01   4.0696712e-01
   9.9901117e-01   9.7581649e-01   4.0809345e-01
   9.9908055e-01   9.7615039e-01   4.0922278e-01
   9.9914943e-01   9.7648246e-01   4.1035516e-01
   9.9921780e-01   9.7681270e-01   4.1149059e-01
   9.9928567e-01   9.7714111e-01   4.1262911e-01
   9.9935304e-01   9.7746771e-01   4.1377074e-01
   9.9941992e-01   9.7779250e-01   4.1491549e-01
   9.9948631e-01   9.7811548e-01   4.1606341e-01
   9.9955220e-01   9.7843665e-01   4.1721450e-01
   9.9961761e-01   9.7875603e-01   4.1836880e-01
   9.9968254e-01   9.7907361e-01   4.1952634e-01
   9.9974698e-01   9.7938940e-01   4.2068713e-01
   9.9981095e-01   9.7970340e-01   4.2185120e-01
   9.9987444e-01   9.8001563e-01   4.2301859e-01
   9.9993745e-01   9.8032607e-01   4.2418931e-01
   1.0000000e+00   9.8063475e-01   4.2536340e-01
   1.0000000e+00   9.8067354e-01   4.2651440e-01
   1.0000000e+00   9.8071244e-01   4.2766888e-01
   1.0000000e+00   9.8075147e-01   4.2882686e-01
   1.0000000e+00   9.8079061e-01   4.2998837e-01
   1.0000000e+00   9.8082987e-01   4.3115344e-01
   1.0000000e+00   9.8086926e-01   4.3232211e-01
   1.0000000e+00   9.8090876e-01   4.3349439e-01
   1.0000000e+00   9.8094839e-01   4.3467033e-01
   1.0000000e+00   9.8098814e-01   4.3584994e-01
   1.0000000e+00   9.8102802e-01   4.3703327e-01
   1.0000000e+00   9.8106803e-01   4.3822034e-01
   1.0000000e+00   9.8110816e-01   4.3941119e-01
   1.0000000e+00   9.8114842e-01   4.4060584e-01
   1.0000000e+00   9.8118881e-01   4.4180433e-01
   1.0000000e+00   9.8122933e-01   4.4300669e-01
   1.0000000e+00   9.8126998e-01   4.4421296e-01
   1.0000000e+00   9.8131076e-01   4.4542317e-01
   1.0000000e+00   9.8135168e-01   4.4663735e-01
   1.0000000e+00   9.8139273e-01   4.4785554e-01
   1.0000000e+00   9.8143392e-01   4.4907778e-01
   1.0000000e+00   9.8147525e-01   4.5030410e-01
   1.0000000e+00   9.8151671e-01   4.5153453e-01
   1.0000000e+00   9.8155832e-01   4.5276912e-01
   1.0000000e+00   9.8160007e-01   4.5400790e-01
   1.0000000e+00   9.8164196e-01   4.5525092e-01
   1.0000000e+00   9.8168399e-01   4.5649820e-01
   1.0000000e+00   9.8172617e-01   4.5774979e-01
   1.0000000e+00   9.8176849e-01   4.5900573e-01
   1.0000000e+00   9.8181097e-01   4.6026606e-01
   1.0000000e+00   9.8185359e-01   4.6153081e-01
   1.0000000e+00   9.8189636e-01   4.6280004e-01
   1.0000000e+00   9.8193929e-01   4.6407379e-01
   1.0000000e+00   9.8198237e-01   4.6535209e-01
   1.0000000e+00   9.8202560e-01   4.6663499e-01
   1.0000000e+00   9.8206899e-01   4.6792253e-01
   1.0000000e+00   9.8211254e-01   4.6921477e-01
   1.0000000e+00   9.8215625e-01   4.7051175e-01
   1.0000000e+00   9.8220012e-01   4.7181350e-01
   1.0000000e+00   9.8224415e-01   4.7312009e-01
   1.0000000e+00   9.8228834e-01   4.7443156e-01
   1.0000000e+00   9.8233271e-01   4.7574795e-01
   1.0000000e+00   9.8237724e-01   4.7706932e-01
   1.0000000e+00   9.8242194e-01   4.7839572e-01
   1.0000000e+00   9.8246681e-01   4.7972719e-01
   1.0000000e+00   9.8251185e-01   4.8106380e-01
   1.0000000e+00   9.8255707e-01   4.8240559e-01
   1.0000000e+00   9.8260246e-01   4.8375262e-01
   1.0000000e+00   9.8264804e-01   4.8510494e-01
   1.0000000e+00   9.8269379e-01   4.8646261e-01
   1.0000000e+00   9.8273973e-01   4.8782569e-01
   1.0000000e+00   9.8278585e-01   4.8919423e-01
   1.0000000e+00   9.8283215e-01   4.9056829e-01
   1.0000000e+00   9.8287865e-01   4.9194793e-01
   1.0000000e+00   9.8292533e-01   4.9333322e-01
   1.0000000e+00   9.8297221e-01   4.9472421e-01
   1.0000000e+00   9.8301928e-01   4.9612097e-01
   1.0000000e+00   9.8306654e-01   4.9752356e-01
   1.0000000e+00   9.8311401e-01   4.9893205e-01
   1.0000000e+00   9.8316168e-01   5.0034650e-01
   1.0000000e+00   9.8320955e-01   5.0176698e-01
   1.0000000e+00   9.8325762e-01   5.0319357e-01
   1.0000000e+00   9.8330591e-01   5.0462633e-01
   1.0000000e+00   9.8335440e-01   5.0606533e-01
   1.0000000e+00   9.8340311e-01   5.0751064e-01
   1.0000000e+00   9.8345203e-01   5.0896235e-01
   1.0000000e+00   9.8350117e-01   5.1042052e-01
   1.0000000e+00   9.8355053e-01   5.1188524e-01
   1.0000000e+00   9.8360012e-01   5.1335657e-01
   1.0000000e+00   9.8364993e-01   5.1483462e-01
   1.0000000e+00   9.8369997e-01   5.1631944e-01
   1.0000000e+00   9.8375024e-01   5.1781114e-01
   1.0000000e+00   9.8380074e-01   5.1930979e-01
   1.0000000e+00   9.8385148e-01   5.2081548e-01
   1.0000000e+00   9.8390246e-01   5.2232831e-01
   1.0000000e+00   9.8395369e-01   5.2384835e-01
   1.0000000e+00   9.8400516e-01   5.2537571e-01
   1.0000000e+00   9.8405688e-01   5.2691047e-01
   1.0000000e+00   9.8410886e-01   5.2845275e-01
   1.0000000e+00   9.8416109e-01   5.3000262e-01
   1.0000000e+00   9.8421358e-01   5.3156020e-01
   1.0000000e+00   9.8426633e-01   5.3312559e-01
   1.0000000e+00   9.8431935e-01   5.3469889e-01
   1.0000000e+00   9.8437264e-01   5.3628021e-01
   1.0000000e+00   9.8442621e-01   5.3786966e-01
   1.0000000e+00   9.8448005e-01   5.3946735e-01
   1.0000000e+00   9.8453417e-01   5.4107340e-01
   1.0000000e+00   9.8458858e-01   5.4268793e-01
   1.0000000e+00   9.8464328e-01   5.4431105e-01
   1.0000000e+00   9.8469828e-01   5.4594289e-01
   1.0000000e+00   9.8475357e-01   5.4758358e-01
   1.0000000e+00   9.8480916e-01   5.4923324e-01
   1.0000000e+00   9.8486506e-01   5.5089200e-01
   1.0000000e+00   9.8492127e-01   5.5256001e-01
   1.0000000e+00   9.8497780e-01   5.5423739e-01
   1.0000000e+00   9.8503465e-01   5.5592430e-01
   1.0000000e+00   9.8509182e-01   5.5762088e-01
   1.0000000e+00   9.8514933e-01   5.5932727e-01
   1.0000000e+00   9.8520717e-01   5.6104363e-01
   1.0000000e+00   9.8526535e-01   5.6277012e-01
   1.0000000e+00   9.8532388e-01   5.6450689e-01
   1.0000000e+00   9.8538276e-01   5.6625412e-01
   1.0000000e+00   9.8544200e-01   5.6801196e-01
   1.0000000e+00   9.8550161e-01   5.6978061e-01
   1.0000000e+00   9.8556158e-01   5.7156023e-01
   1.0000000e+00   9.8562193e-01   5.7335100e-01
   1.0000000e+00   9.8568266e-01   5.7515312e-01
   1.0000000e+00   9.8574378e-01   5.7696679e-01
   1.0000000e+00   9.8580530e-01   5.7879219e-01
   1.0000000e+00   9.8586722e-01   5.8062953e-01
   1.0000000e+00   9.8592954e-01   5.8247903e-01
   1.0000000e+00   9.8599229e-01   5.8434090e-01
   1.0000000e+00   9.8605546e-01   5.8621537e-01
   1.0000000e+00   9.8611906e-01   5.8810266e-01
   1.0000000e+00   9.8618310e-01   5.9000301e-01
   1.0000000e+00   9.8624759e-01   5.9191667e-01
   1.0000000e+00   9.8631254e-01   5.9384388e-01
   1.0000000e+00   9.8637795e-01   5.9578491e-01
   1.0000000e+00   9.8644384e-01   5.9774002e-01
   1.0000000e+00   9.8651021e-01   5.9970949e-01
   1.0000000e+00   9.8657707e-01   6.0169360e-01
   1.0000000e+00   9.8664444e-01   6.0369265e-01
   1.0000000e+00   9.8671232e-01   6.0570694e-01
   1.0000000e+00   9.8678073e-01   6.0773679e-01
   1.0000000e+00   9.8684967e-01   6.0978252e-01
   1.0000000e+00   9.8691916e-01   6.1184446e-01
   1.0000000e+00   9.8698920e-01   6.1392296e-01
   1.0000000e+00   9.8705982e-01   6.1601838e-01
   1.0000000e+00   9.8713102e-01   6.1813110e-01
   1.0000000e+00   9.8720281e-01   6.2026150e-01
   1.0000000e+00   9.8727522e-01   6.2240998e-01
   1.0000000e+00   9.8734824e-01   6.2457696e-01
   1.0000000e+00   9.8742191e-01   6.2676286e-01
   1.0000000e+00   9.8749623e-01   6.2896813e-01
   1.0000000e+00   9.8757121e-01   6.3119325e-01
   1.0000000e+00   9.8764688e-01   6.3343868e-01
   1.0000000e+00   9.8772326e-01   6.3570494e-01
   1.0000000e+00   9.8780035e-01   6.3799255e-01
   1.0000000e+00   9.8787818e-01   6.4030205e-01
   1.0000000e+00   9.8795677e-01   6.4263401e-01
   1.0000000e+00   9.8803613e-01   6.4498902e-01
   1.0000000e+00   9.8811629e-01   6.4736770e-01
   1.0000000e+00   9.8819727e-01   6.4977069e-01
   1.0000000e+00   9.8827910e-01   6.5219868e-01
   1.0000000e+00   9.8836178e-01   6.5465235e-01
   1.0000000e+00   9.8844536e-01   6.5713247e-01
   1.0000000e+00   9.8852986e-01   6.5963978e-01
   1.0000000e+00   9.8861530e-01   6.6217512e-01
   1.0000000e+00   9.8870171e-01   6.6473932e-01
   1.0000000e+00   9.8878913e-01   6.6733328e-01
   1.0000000e+00   9.8887758e-01   6.6995794e-01
   1.0000000e+00   9.8896710e-01   6.7261429e-01
   1.0000000e+00   9.8905772e-01   6.7530337e-01
   1.0000000e+00   9.8914949e-01   6.7802628e-01
   1.0000000e+00   9.8924243e-01   6.8078417e-01
   1.0000000e+00   9.8933659e-01   6.8357828e-01
   1.0000000e+00   9.8943201e-01   6.8640989e-01
   1.0000000e+00   9.8952875e-01   6.8928038e-01
   1.0000000e+00   9.8962684e-01   6.9219122e-01
   1.0000000e+00   9.8972635e-01   6.9514394e-01
   1.0000000e+00   9.8982732e-01   6.9814020e-01
   1.0000000e+00   9.8992982e-01   7.0118174e-01
   1.0000000e+00   9.9003391e-01   7.0427045e-01
   1.0000000e+00   9.9013966e-01   7.0740832e-01
   1.0000000e+00   9.9024714e-01   7.1059749e-01
   1.0000000e+00   9.9035642e-01   7.1384028e-01
   1.0000000e+00   9.9046759e-01   7.1713914e-01
   1.0000000e+00   9.9058074e-01   7.2049675e-01
   1.0000000e+00   9.9069597e-01   7.2391597e-01
   1.0000000e+00   9.9081338e-01   7.2739993e-01
   1.0000000e+00   9.9093308e-01   7.3095199e-01
   1.0000000e+00   9.9105521e-01   7.3457582e-01
   1.0000000e+00   9.9117988e-01   7.3827543e-01
   1.0000000e+00   9.9130726e-01   7.4205519e-01
   1.0000000e+00   9.9143750e-01   7.4591991e-01
   1.0000000e+00   9.9157078e-01   7.4987489e-01
   1.0000000e+00   9.9170731e-01   7.5392597e-01
   1.0000000e+00   9.9184728e-01   7.5807964e-01
   1.0000000e+00   9.9199096e-01   7.6234314e-01
   1.0000000e+00   9.9213862e-01   7.6672457e-01
   1.0000000e+00   9.9229055e-01   7.7123305e-01
   1.0000000e+00   9.9244712e-01   7.7587891e-01
   1.0000000e+00   9.9260871e-01   7.8067391e-01
   1.0000000e+00   9.9277578e-01   7.8563156e-01
   1.0000000e+00   9.9294886e-01   7.9076743e-01
   1.0000000e+00   9.9312856e-01   7.9609973e-01
   1.0000000e+00   9.9331560e-01   8.0164986e-01
   1.0000000e+00   9.9351084e-01   8.0744330e-01
   1.0000000e+00   9.9371531e-01   8.1351076e-01
   1.0000000e+00   9.9393029e-01   8.1988978e-01
   1.0000000e+00   9.9415733e-01   8.2662707e-01
   1.0000000e+00   9.9439845e-01   8.3378191e-01
   1.0000000e+00   9.9465624e-01   8.4143137e-01
   1.0000000e+00   9.9493417e-01   8.4967871e-01
   1.0000000e+00   9.9523710e-01   8.5866758e-01
   1.0000000e+00   9.9557209e-01   8.6860789e-01
   1.0000000e+00   9.9595018e-01   8.7982745e-01
   1.0000000e+00   9.9639039e-01   8.9289006e-01
   1.0000000e+00   9.9693081e-01   9.0892624e-01
   1.0000000e+00   9.9767399e-01   9.3097899e-01
   1.0000000e+00   1.0000000e+00   1.0000000e+00
