0 0 0
0 2 9
0 3 12
0 4 14
0 4 16
0 5 18
0 6 21
0 7 24
0 7 27
0 8 31
0 8 33
0 9 37
0 10 41
0 11 44
0 12 47
0 13 50
0 14 54
0 15 58
0 15 61
0 16 65
16 16 67
0 17 71
0 18 75
0 19 78
0 20 81
0 21 84
0 22 88
0 23 91
0 23 95
0 24 99
0 24 101
0 25 105
0 26 108
0 27 112
0 28 116
0 29 119
0 30 122
0 31 125
0 31 129
0 32 133
0 32 135
0 33 138
0 34 141
0 35 143
0 36 146
0 37 147
0 38 149
0 39 150
0 40 151
0 40 151
0 40 151
0 41 152
0 42 152
0 43 152
0 44 152
0 45 152
0 46 152
0 47 153
0 48 153
0 48 153
0 48 153
0 49 153
0 50 153
0 51 153
0 52 153
0 53 153
0 54 153
0 55 153
0 56 153
0 56 153
0 57 153
0 58 153
0 59 153
0 60 153
0 61 153
0 63 153
0 65 152
0 67 151
0 69 149
0 71 149
0 74 147
0 77 144
1 79 142
2 82 140
3 85 137
4 88 134
6 91 131
8 94 128
11 97 124
12 100 122
15 103 118
18 106 115
20 108 112
23 112 108
26 115 105
29 117 102
32 120 99
35 124 96
38 127 92
41 129 90
44 132 86
47 135 83
49 138 80
52 141 77
56 144 73
58 147 70
61 150 67
65 153 63
67 156 61
70 159 57
74 162 54
77 165 51
79 168 48
82 171 45
85 174 41
88 177 38
91 180 35
94 183 31
97 185 28
100 188 25
103 192 21
106 194 18
109 197 15
112 200 12
116 204 9
119 206 7
122 209 5
126 213 3
128 215 3
131 218 2
134 221 2
137 224 0
141 227 0
144 230 0
147 233 0
149 235 0
152 238 1
156 241 1
158 242 1
161 244 1
164 246 1
167 247 1
170 248 1
173 249 1
176 249 1
179 250 1
182 250 1
186 250 1
188 250 1
191 250 1
194 250 1
197 250 1
200 250 1
203 250 1
206 250 1
209 250 1
213 250 1
215 250 1
219 250 1
222 250 1
255 250 1
228 250 1
231 250 1
234 250 1
236 251 1
239 251 1
242 251 1
244 251 1
246 251 1
248 251 1
249 251 1
250 251 1
251 251 1
252 251 1
253 251 1
253 251 1
253 250 1
253 250 1
253 250 1
253 250 1
253 250 1
253 250 1
253 250 1
253 250 1
253 249 1
253 248 1
253 247 1
253 246 1
253 244 1
253 241 1
253 236 1
253 232 1
253 227 1
253 222 1
253 216 1
253 210 1
253 203 1
253 197 1
253 190 1
253 184 1
253 177 1
253 170 1
253 163 1
253 156 1
253 149 1
253 143 1
253 136 1
253 129 1
253 122 1
253 116 1
253 109 1
253 102 1
253 95 1
253 88 1
253 81 1
253 75 1
253 68 1
253 61 1
253 54 1
253 48 1
253 41 1
253 35 1
253 29 1
253 23 1
253 18 1
253 14 1
253 11 1
253 8 1
253 5 1
253 4 1
253 2 1
253 2 1
253 1 1
253 1 1
253 1 1
253 1 1
253 1 1
253 1 0 
253 1 0 
253 1 0
253 1 0 
253 1 0
253 1 1 
253 1 1
253 1 1
253 1 1 
253 1 1
253 1 2
253 1 2 
253 1 2 
253 2 1
253 36 35
253 110 110
253 184 186
255 250 253
255 255 255
